.00 .52 .72 .00 .39 .95 .11 .11 .24 .38 .15 .51
.00 .56 .90 .57 .14 .05 .62 .25 .25 .37 .81 .98
0 2 1 2 2 1 1 1 0 2 1 0
.00 .58 .21 .24 .26 .07 .74 .77 .65 .99 .60 .05
.00 .75 .02 .48 .69 .20 .55 .30 .15 .50 .37 .53
0 2 1 2 1 1 0 0 2 0 1 1
.00 .77 .70 .76 .13 .31 .24 .04 .90 .77 .88 .58
.00 .63 .31 .44 .47 .60 .94 .11 .26 .79 .60 .41
0 0 2 1 2 0 0 0 1 1 1 2
.00 .84 .48 .07 .20 .98 .87 .11 .44 .70 .15 .92
.00 .30 .08 .52 .36 .52 .95 .96 .36 .96 .45 .81
0 1 2 0 2 2 1 2 2 2 1 1
.00 .30 .38 .30 .80 .75 .53 1.00 .26 .21 .23 .64
.00 .30 .49 .04 .44 .78 .85 .37 .54 .66 .03 .10
0 1 1 2 2 2 2 2 2 0 2 2
.00 .15 .83 .62 .01 .87 .66 .15 .06 .02 .79 .42
.00 .47 .14 .52 .37 .96 .70 .93 .49 .43 .46 .55
0 1 1 2 0 1 2 1 0 0 0 0
.00 .65 .86 .72 .78 .31 .60 .98 .60 .98 .71 .99
.00 .93 .97 .56 .84 .20 .80 .31 .79 .04 .66 .60
0 2 1 1 2 0 2 0 0 0 2 0
.00 .65 .20 .64 .54 .71 .35 .84 .56 .89 .59 .12
.00 .33 .47 .24 .66 .95 .36 .84 .05 .92 .27 .52
0 2 2 0 0 0 0 2 2 1 0 2
.00 .61 .95 .19 .62 .67 .95 .46 .31 .49 .82 .85
.00 .38 .23 .02 .87 .55 .15 .61 .79 .14 .25 .22
0 1 1 2 0 1 1 2 1 1 0 2
.00 .98 .46 .27 .75 .24 .82 .49 .39 .83 .14 .49
.00 .19 .86 .51 .52 .32 .20 .19 .98 .40 .79 .37
0 0 2 0 2 2 2 2 2 1 2 1
