.00 .97 .39 .47 .31 .46 .31 .08 .65 .68 .83 .68 .00 .38 .17 .55 .54 .54 .43 .54 .55 .57 .34 .31 .01 .08 .18 .47 .17 .94 .39 .36 .24 .79 .27 .41 .48 .35 .06 .14 .74 .20 .26 .58 .65 .48 .58 .99 .67 .82 .97
.00 .58 .48 .64 .93 .57 .71 .74 .12 .17 .02 .94 .16 .86 .09 .83 .76 .57 .20 .90 .78 .08 .97 .44 .26 .59 .55 .78 .10 .76 .17 .84 .71 .52 .11 .55 .54 .86 .15 .08 .73 .62 .63 .63 .23 .46 .82 .30 .95 .42 .01
0 2 2 0 2 2 1 2 2 2 2 1 0 1 0 1 1 2 1 0 0 2 0 2 1 0 2 0 2 0 1 0 0 1 1 2 1 1 0 1 2 2 1 2 1 1 1 0 1 2 1
.00 .57 .61 .84 .74 .15 .96 .75 .49 .46 .35 .88 .39 .21 .79 .71 .08 .87 .85 .67 .76 .28 .16 .98 .72 .95 .31 .12 .44 .36 .16 .21 1.00 .42 .45 .92 .48 .38 .24 .73 .24 .67 .48 .54 .69 .31 .45 .25 .09 .93 .74
.00 .24 .64 .20 .90 .87 .23 .38 .05 .16 .59 .69 .52 .34 .30 .70 .54 .55 .97 .68 .23 .00 .58 .70 .95 .60 .09 .59 .13 .42 .86 .34 .04 .82 .39 .66 .43 .59 .99 .35 .89 .80 .38 .15 .65 .24 .19 .44 .34 .30 .98
0 0 0 1 0 2 0 0 0 1 2 2 0 1 0 1 2 0 0 0 0 2 2 0 2 1 2 0 0 0 1 2 0 1 1 2 1 2 2 2 2 1 2 0 0 2 0 1 2 0 0
.00 .42 .02 .26 .89 .64 .30 .86 .76 .24 .00 .79 .89 .72 .31 .33 .98 .92 .42 .55 .52 .74 .11 .77 .62 .43 .12 1.00 .74 .21 .50 .17 .46 .21 .50 .48 .81 .94 .52 .00 .10 .63 .51 .44 .90 .27 .11 1.00 .10 .45 .05
.00 .48 .05 .79 .21 .51 .03 .77 .26 .49 .57 .02 .89 .79 .19 .91 .44 .71 .69 .40 .39 .35 .45 .46 .48 .77 .82 .11 .43 .11 .83 .42 .04 .13 .14 .29 .55 .70 .99 .84 .29 .56 .51 .11 .30 .82 .59 .70 .47 .93 .04
0 2 2 2 2 0 0 0 2 0 2 1 1 1 2 1 0 1 2 2 1 0 1 1 2 1 0 0 1 0 0 1 1 2 2 1 0 1 0 0 1 1 1 0 1 0 1 2 0 1 1
.00 .34 .08 .24 .88 .17 .86 .56 .44 .04 .43 .40 .48 .42 .21 .67 .71 .30 .93 .45 .88 .72 .60 .04 .49 .06 .20 .07 .67 .46 .96 .87 .25 .08 .23 .52 .32 .42 .28 .78 .89 .94 .23 .31 .29 .54 .03 .81 .59 .66 .45
.00 .10 .02 .77 .43 .39 .97 .38 .58 .30 .92 .09 .28 .63 .56 .14 .30 .62 .26 .34 .97 .69 .66 .02 .49 .95 .33 .03 .27 .10 .99 .67 .44 .09 .76 .55 .33 .48 .16 .24 .85 .15 .59 .32 .15 .94 .57 .19 .50 .38 .15
0 2 0 0 0 2 1 1 1 1 2 2 2 2 2 2 0 2 1 2 2 1 2 0 1 1 0 1 2 1 2 0 2 0 1 2 2 2 1 2 2 1 2 2 0 0 2 0 1 2 0
.00 .53 .69 .07 .94 .38 .20 .08 .78 .22 .91 .52 .34 .70 .49 .98 .41 .13 .51 .34 .13 .07 .44 .16 .79 .84 .06 .69 .60 .65 .17 .07 .79 .76 .41 .31 .94 .32 .56 .15 .40 .63 .85 .35 .97 .54 .55 .23 .65 .93 .33
.00 .42 .24 .65 .83 .90 .91 .28 .88 .41 .88 .00 .59 .79 .56 .69 .79 .99 .61 .57 .14 .32 .61 .73 .70 .69 .46 .98 .66 .47 .46 .70 .71 .50 .02 .59 .06 .05 .25 .51 .61 .82 .57 .93 .81 .17 .07 .42 .98 .69 .48
0 2 1 1 0 2 0 1 2 0 1 2 2 2 1 2 1 2 2 1 2 1 1 0 0 2 0 2 1 2 1 0 0 1 1 0 1 2 1 2 1 1 2 0 1 2 2 0 2 0 2
.00 .54 .11 .12 .65 .73 .53 .32 .68 .54 .59 .67 .38 .58 .31 .61 .55 .57 .16 .28 .30 .15 .67 .34 .05 .89 .83 .12 .45 .81 .17 .79 .10 .08 .61 .91 .08 .84 .76 .93 .31 .55 .98 .26 .68 .91 .22 .69 .89 .87 .55
.00 .80 .19 .30 .05 .26 .32 .82 .41 .31 .45 .16 .93 .41 .39 .06 .61 .02 .38 .54 .21 .85 .85 .47 .60 .70 .61 .70 .53 .78 1.00 .49 .53 .85 .37 .43 .89 .03 .12 .14 .43 .73 .27 .63 .16 .03 .11 .40 .06 .19 .07
0 0 2 1 1 0 0 0 0 0 1 2 2 1 2 2 2 0 0 0 2 1 2 1 2 2 2 2 0 2 1 2 2 2 2 0 0 2 1 1 0 2 1 1 0 2 2 2 0 0 1
.00 .21 .00 .88 .45 .04 .56 .06 .83 .44 .08 .64 .19 .81 .75 .93 .02 .06 .58 .99 .34 .29 .86 .03 .38 .77 .51 .48 .27 .48 .31 .43 .40 .79 .66 .74 .89 .28 .77 .21 .21 .33 .28 .23 .88 .49 .56 .71 .14 .99 .22
.00 .58 .62 .65 .97 .88 .49 .30 .30 .31 .78 .92 .84 .39 .93 .67 .66 .03 .43 .08 .73 .83 .02 .58 .31 .92 .92 .75 .27 .91 .46 .37 .45 .75 .90 .39 .29 .14 .13 .99 .08 .79 .63 .28 .90 .88 .04 .15 .31 .74 .93
0 0 1 2 0 1 2 2 1 1 1 2 1 1 2 2 1 0 1 2 0 1 0 2 1 0 2 1 0 1 1 0 0 1 0 1 0 1 1 1 0 0 1 1 2 0 1 0 2 2 1
.00 .49 .59 .17 .75 .03 .16 .36 .88 .95 .89 .02 .60 .56 .91 .78 .14 .87 .27 .92 .90 .12 .83 .16 .95 .24 .40 .83 .68 .93 .89 .20 .88 .87 .50 .95 .27 .31 .38 .11 .19 .40 .79 .19 .72 .51 .26 .47 .07 .20 .19
.00 .01 .24 .72 .34 .67 .01 .37 .01 .56 .40 .59 .11 .77 .96 .39 .90 .58 .97 .31 .53 .47 .90 .37 .35 .81 .42 .19 .84 .65 .08 .94 .69 .68 .93 .02 .54 .11 .89 .06 .94 .62 .92 .04 .47 .17 .97 .51 .48 .17 .10
0 1 0 1 2 1 0 1 0 2 1 0 2 0 2 2 0 1 1 0 1 1 1 2 2 2 2 1 0 2 2 1 1 1 2 1 0 1 1 1 2 0 0 0 2 0 0 2 0 2 2
.00 .92 .36 .68 .92 .18 .80 .07 .80 .68 .67 .44 .69 .00 .71 .01 .15 .47 .20 .59 .74 .54 .64 .83 .77 .43 .60 .58 .96 .54 .66 .45 .89 .95 .58 .47 .03 .18 .72 .31 .39 .00 .26 .30 .50 .92 .50 .34 .03 .81 .56
.00 .77 .15 .02 .01 .70 .33 .15 .23 .62 .62 .45 1.00 .91 .09 .93 .15 .16 .16 .29 .79 .94 .15 .14 .88 .06 .08 .77 .73 .92 .13 .68 .97 .63 .39 .68 .39 .35 .93 .14 .04 .36 .67 .40 .12 .58 .97 .33 .07 .38 .96
0 1 1 2 2 2 0 0 0 1 2 2 0 1 0 0 1 1 0 2 1 1 2 0 1 1 1 0 1 1 2 0 0 0 1 0 0 0 2 2 1 1 2 2 1 0 0 1 1 2 1
.00 .43 .03 .61 .77 .43 .75 .84 .08 .64 .83 .63 .33 .25 .53 .41 .57 .22 .86 .42 .48 .30 .87 .43 .65 .12 .31 .70 .84 .30 .46 .39 .53 .79 .61 .94 .96 .72 .83 .27 .12 .20 .91 .90 .99 .92 .29 .87 .41 .79 .78
.00 .46 .01 .49 .44 .07 .15 .77 .47 .05 .84 .07 .64 .64 .44 .63 .59 .24 .17 .18 .98 .80 .38 .91 .64 .49 .68 .33 .85 .45 .08 .96 .28 .24 .25 .08 .52 .99 .23 .55 .49 .81 .26 .17 .47 .09 .55 .27 .83 .55 .46
0 2 0 0 2 1 1 2 1 2 1 2 2 1 2 0 1 0 2 0 2 1 1 1 0 1 1 2 2 2 0 0 0 1 0 0 1 2 1 1 1 1 2 1 2 1 0 0 0 2 2
