.00 .28 .70 .52
.00 .97 .40 .55
0 0 2 2
.00 .02 .35 .61 .29 .82
.00 .31 .07 .58 .99 .83
0 0 1 2 1 1
.00 .93 .30 .01 .84 .95
.00 .70 .81 .44 .33 .10
0 0 1 0 0 2
.00 .79 .31 .52 .12 .95
.00 .34 .83 .46 .01 .92
0 2 0 1 0 1
.00 .01 .29 .67 .96 .16
.00 .99 .91 .64 .59 .44
0 2 0 0 1 0
.00 .50 .73 .39 .56 .85
.00 .01 .41 .34 .16 .13
0 1 2 2 1 2
.00 .31 .49 .69 .92 .08
.00 .09 .86 .82 .10 .34
0 2 2 0 1 1
.00 .55 .99 .54 .26 .82
.00 .27 .16 .90 .84 .60
0 2 1 2 1 1
.00 .77 .70 .48 .85 .36
.00 .18 .70 .72 .00 .95
0 1 2 2 0 1
.00 .40 .52 .57 .14 .02
.00 .98 .50 .09 .33 .36
0 0 2 1 2 2
