.00 .39 .26 .70 .84 .99 .65 .61 .83 .95 .24 .47 .36 .03 .84 .69 .12
.00 .20 .59 .60 .40 .50 .07 .99 .10 .60 .33 .49 .48 .45 .43 .76 .97
0 1 0 2 0 1 1 2 0 2 0 0 1 2 0 2 0
.00 .07 .78 .09 .97 .77 .22 .74 .17 .99 .04 .50 .04 .53 .08 .41 .28
.00 .50 .02 .84 .17 .01 .36 .26 .48 .63 .99 .51 .83 .72 .51 .38 .64
0 0 2 1 0 2 0 1 2 2 1 0 2 1 1 2 2
.00 .20 .10 .80 .58 .44 .02 .20 .89 .14 .16 .78 .77 .23 .92 .81 .93
.00 .19 .47 .47 .72 .58 .05 .17 .36 .51 .21 .95 .01 .48 .24 .13 .83
0 1 1 2 2 0 1 0 2 2 2 1 2 1 0 2 1
.00 .89 .28 .57 .25 .99 .61 .55 .50 .98 .69 .05 .04 .62 .86 .48 .72
.00 .21 .99 .18 .52 .18 .69 .06 .76 .99 .53 .18 .99 .80 .09 .73 .59
0 1 1 2 0 0 2 1 0 0 2 2 0 1 2 0 2
.00 .61 .12 .16 .63 .20 .94 .07 .47 .68 .04 .60 .70 .60 .23 .23 .90
.00 .69 .58 .42 .82 .62 .78 .27 .07 .23 .81 .90 .47 .48 .52 .05 .86
0 0 1 2 2 1 0 0 0 2 1 0 0 2 1 0 2
.00 .24 .41 .99 .80 .87 .37 .69 .11 .85 .89 .84 .45 .76 .95 .86 .14
.00 .45 .83 .28 .49 .81 .09 .01 .66 .36 .04 .67 .12 .29 .45 .49 .26
0 0 2 1 2 2 2 2 1 2 1 0 0 1 2 1 1
.00 .71 .82 .80 .10 .73 .30 .84 .30 .98 .48 .51 .09 .82 .55 .54 .78
.00 .05 .28 .29 .35 .32 .36 .99 .65 .01 .04 .84 .36 .13 .26 .45 .45
0 2 0 1 1 1 1 0 0 0 1 2 1 0 1 1 2
.00 .65 .94 .76 .01 .50 .98 .90 .90 .10 .08 .24 .71 .13 .02 .97 .35
.00 .58 .70 .45 .00 .85 .51 .07 .63 .62 .11 .58 .51 .84 .04 .75 .92
0 2 1 0 1 2 2 0 2 2 0 1 2 2 2 2 2
.00 .87 .47 .26 .43 .72 .89 .93 .56 .64 .22 .53 .37 .99 .67 .42 .47
.00 .46 .98 .87 .63 .80 .03 .60 .54 .55 .14 .89 .97 .13 .17 .55 .49
0 0 1 2 2 1 0 0 0 0 1 0 1 1 0 2 1
.00 .66 .81 .42 .80 .78 .64 .47 .83 .12 .68 .94 .70 .93 .50 .68 .70
.00 .80 .43 .10 .90 .17 .94 .53 .81 .68 .20 .13 .97 .25 .19 1.00 .54
0 0 1 0 2 2 1 0 0 2 2 2 0 1 2 0 2
