.00 .04 .28 .85 .76 .65 .14 .02 .18 .45
.00 .33 .40 .02 .19 .83 .98 .61 .82 .64
0 1 1 1 2 2 1 0 1 2
.00 .14 .46 .94 .38 .07 .03 .29 .28 .90
.00 .23 .35 .05 .08 .85 .51 .37 .18 .06
0 1 1 2 1 1 0 0 1 0
.00 .10 .11 .44 .47 .16 .63 .07 .02 .45
.00 .00 .72 .11 .34 .48 .83 .72 .94 .86
0 2 1 2 2 0 1 1 0 2
.00 .10 .37 .53 .52 .53 .15 .61 .09 .77
.00 .56 .02 .26 .56 .71 .61 .48 .91 .79
0 1 1 0 1 0 0 1 1 2
.00 .52 .04 .81 .77 .30 .09 .97 .65 .14
.00 .88 .63 .36 .83 .29 .28 .31 .78 .71
0 2 0 0 2 0 1 1 2 1
.00 .59 .95 .11 .52 .01 .27 .42 .68 .46
.00 .55 .27 .06 .63 .10 .31 .57 .13 .14
0 2 0 2 2 0 2 2 1 0
.00 .76 .62 .47 .01 .53 .72 .22 .76 .32
.00 .82 .75 .71 .98 .43 .55 .19 .84 .41
0 1 2 2 2 0 0 0 0 1
.00 .38 .07 .95 .37 .61 .44 .26 .37 .58
.00 .38 .51 .02 .98 .15 .77 .44 .73 .12
0 2 1 0 0 1 1 1 0 0
.00 .16 .82 .25 .95 .15 .79 .61 .60 .50
.00 .37 .47 .36 .93 .64 .55 .62 .78 .35
0 2 2 1 1 2 1 2 0 1
.00 .40 .21 .70 .66 .23 .14 .18 .32 .42
.00 .70 .58 .95 .86 .61 .28 .59 .51 .26
0 2 0 1 0 2 1 2 0 2
