.00 .16 .27 .12 .84 .30 .69 .49 .92 .91 .09 .26 .28 .05 1.00
.00 .89 .23 .34 .42 .62 .40 .40 .66 .56 .65 .64 .40 .53 .31
0 2 1 2 1 1 1 2 0 0 1 1 1 2 2
.00 .99 .20 .48 .78 .46 .96 .81 .61 .37 .45 .69 .87 .86 .56
.00 .30 .67 .25 .77 .69 .83 .80 .04 .37 .36 .83 .18 .11 .59
0 2 0 2 1 2 2 0 1 1 1 0 0 0 1
.00 .17 .79 .46 .37 .16 .49 .78 .10 .14 .73 .20 .01 .71 .84
.00 .91 .27 .35 .98 .06 .11 .54 .96 .63 .76 .61 .62 .62 .31
0 2 0 2 0 0 1 1 0 2 1 0 1 0 2
.00 .61 .08 .79 .88 .79 .26 .11 .66 .83 .98 .08 .50 .76 .10
.00 .60 .33 .67 .86 .19 .61 .73 .77 .24 .16 1.00 .78 .52 .57
0 2 1 2 0 0 2 1 2 2 2 2 2 0 0
.00 .38 .21 .71 .39 .77 .84 .46 .53 .10 .29 .64 .12 .15 .13
.00 .53 .65 .28 .19 .06 .20 .51 .61 .42 .72 .77 .93 .73 .94
0 0 0 2 1 2 1 0 1 0 2 2 1 2 0
.00 .66 .50 .87 .57 .23 .27 .29 .94 .23 .70 .48 .08 .82 .17
.00 .10 .94 .32 .43 .84 .38 .21 .80 .84 .31 .13 .87 .98 .14
0 1 0 2 2 2 2 2 1 1 1 1 1 1 2
.00 .99 .79 .20 .05 .23 .89 .84 .40 .14 .36 .95 .51 .17 .57
.00 .60 .06 .87 .48 .49 .92 .51 .47 .38 .00 .54 .31 .07 .74
0 1 0 2 0 2 1 2 1 0 1 0 1 0 0
.00 .85 .95 .03 .52 .81 .00 .83 .10 .74 .91 .71 .82 .36 .07
.00 .86 .53 .36 .85 .69 .18 .49 .27 .28 .87 .28 .40 .56 .61
0 0 2 0 1 0 2 1 1 2 0 1 0 2 0
.00 .70 .46 .04 .01 .77 .24 .40 .05 .67 .30 .82 .78 .71 .33
.00 .89 .05 .88 .64 .53 .60 .44 .67 .42 .78 .10 .81 .71 .44
0 2 2 0 1 1 2 0 2 0 2 0 0 1 2
.00 .05 .20 .90 .36 .75 .75 .42 .89 .98 .46 .59 .00 .45 .14
.00 .17 .52 .34 .40 .14 .06 .54 .19 .35 .80 .57 .52 .88 .69
0 2 0 2 0 2 0 0 0 2 1 1 2 0 0
