.00 .65 .13 .45 .39 .85 .98 .41 .70 .73 .84 .25 .50 .63 .94 .68 .03 .05 .11 .60
.00 .46 .86 .25 .04 .96 .26 .29 .23 .48 .81 .81 .99 .31 .51 .66 .72 .18 .54 .67
0 1 1 2 1 2 0 1 1 1 0 0 1 1 0 1 2 0 1 1
.00 .97 .60 .18 .62 .05 .67 .53 .61 .45 .23 .19 .86 .75 .99 .86 .84 .58 .72 .82
.00 .05 .13 .66 .52 .67 .69 .41 .78 .61 .16 .68 .48 .51 .11 .14 .96 .85 .66 .41
0 1 0 2 1 2 1 1 0 1 0 0 0 0 2 2 2 1 1 0
.00 .98 .48 .62 .57 .82 .28 .89 .91 .84 .69 .47 .37 .68 .18 .53 .56 .67 .65 .96
.00 .15 .34 .87 .01 .88 .58 .95 .86 .53 .68 .70 .76 .42 .11 .36 .69 .72 .11 .15
0 2 1 1 1 0 2 2 1 1 0 2 1 2 2 2 2 0 0 1
.00 1.00 .73 .59 .82 .54 .60 .20 .97 .76 1.00 .26 .80 .79 .92 .14 .33 .12 .11 .63
.00 .82 .87 .31 .73 .94 .80 .59 .01 .11 .91 .74 .42 .24 .93 .67 .42 .60 .17 .64
0 2 0 2 1 0 0 0 2 2 2 1 0 0 0 2 2 0 2 2
.00 .44 .02 .60 .78 .37 .07 .08 .09 .33 .41 .84 .15 .09 .35 .66 .81 .30 .26 .07
.00 .72 .04 .03 .14 .84 .97 .33 .36 .11 .15 .86 .22 .15 .77 .89 .85 .90 .36 .90
0 0 0 2 0 2 1 2 1 2 0 2 1 2 2 1 2 0 0 0
.00 .73 .87 .85 .24 .86 .11 .41 .31 .28 .00 .48 .74 .07 .74 .18 .86 .86 .64 .53
.00 .81 .03 .69 .05 .62 .74 .18 .72 .71 .13 .95 .25 .78 .63 .46 .66 .16 .64 .05
0 0 0 0 2 0 2 1 0 1 2 1 2 0 1 1 0 2 2 2
.00 .63 .07 .39 .83 .40 .72 .23 .19 .44 .78 .92 .92 .66 .47 .64 .57 .00 .04 .74
.00 .54 .64 .10 .76 .94 .27 .85 .79 .26 .06 .97 .95 .00 .39 .23 .76 .44 .48 .56
0 1 1 1 2 1 0 1 2 1 0 1 2 2 0 1 1 2 0 2
.00 .26 .41 .55 .06 .58 .43 .17 .82 .58 .92 .50 .11 .85 .97 .01 .97 .63 .69 .18
.00 .24 .03 .81 .75 .65 .71 .39 .81 .37 .59 .22 .87 .46 .41 .39 .49 .72 .73 .70
0 0 1 2 1 0 0 2 2 2 1 1 1 2 0 2 2 2 0 2
.00 .52 .92 .02 .29 .19 .63 .58 .02 .25 .73 .16 .76 .95 .94 .52 .25 .61 .19 .43
.00 .58 .92 .87 .22 .57 .23 .77 .51 .66 .37 .22 .47 .32 .69 .22 .94 .36 .86 .47
0 0 0 2 0 1 1 0 2 0 1 1 0 0 0 2 1 0 0 1
.00 .34 .34 .60 .35 .14 .84 .41 .58 .30 .75 .60 .28 .65 .06 .66 .09 .28 .94 .80
.00 .50 .46 .69 .81 .80 .40 .36 .99 .62 .11 .58 .17 .43 .92 .56 .25 .26 .29 .15
0 1 2 1 2 2 1 0 1 2 0 2 0 0 2 0 2 1 0 2
