.00 .68 .80 .32 .88 .26 .86 .87 .19 .76 .60 .71 .11 .93 .34 .23 .32 .57 .93 .59 .17
.00 .96 .05 .51 .23 .35 .61 .58 .98 .91 .50 .03 .19 .12 .50 .45 .16 .98 .22 .43 .21
0 2 2 1 1 2 2 1 2 0 1 2 1 2 1 2 0 2 2 1 2
.00 .05 .98 .35 .83 .24 .12 .98 .19 .29 .82 .37 .87 .31 .09 .43 .35 .96 .95 .15 .63
.00 .95 .96 .24 .20 .44 .36 .40 .91 .96 .30 .85 .84 .02 .59 .59 .14 .99 .33 .12 .04
0 2 0 0 1 2 2 2 2 1 0 1 2 0 1 0 0 2 1 1 0
.00 .35 .94 .06 .87 .85 .01 .47 .64 .90 .61 .30 .47 .22 .60 .44 .68 .81 .40 .71 .61
.00 .47 .45 .37 1.00 .04 .25 .37 .73 .60 .49 .15 .10 .33 .07 .03 .75 .35 .92 .63 .94
0 2 1 1 1 1 1 2 0 2 2 0 1 0 1 0 0 0 0 1 0
.00 .45 .59 .27 .21 .09 .78 .16 .78 .85 .53 .74 .06 .08 .29 .44 .34 .53 .34 .78 .31
.00 .89 .67 .37 .41 .58 .01 .82 .33 .74 .10 .49 .62 .40 .37 .41 .45 .82 .31 .08 .55
0 2 2 2 1 0 0 0 2 2 1 2 1 0 1 0 1 1 0 2 0
.00 .33 .85 .36 .10 .41 .37 .80 .37 .67 .19 .37 .22 .01 .46 .97 .20 .25 .44 .44 .08
.00 .29 .48 .39 .66 .55 .49 .75 .49 .43 .90 .55 .50 .48 .20 .56 .68 .80 .07 .81 .72
0 1 2 1 1 0 1 1 1 2 2 2 0 0 2 1 0 0 1 0 1
.00 .40 .08 .45 .97 .15 .34 .43 .55 .29 .79 .66 .18 .58 .53 .52 .81 .58 .08 .96 .46
.00 .02 .96 .03 .44 .26 .78 .37 .48 .83 .83 .00 .82 .77 .53 .18 .28 .31 .51 .17 .98
0 0 2 1 0 1 0 2 1 1 1 1 1 1 1 0 0 0 2 1 1
.00 .09 .49 .81 .79 .92 .64 .68 .63 .25 .11 .11 .98 .17 .36 .31 .14 .95 .98 .96 .40
.00 .02 .57 .07 .15 .68 .60 .52 .79 .99 .51 .56 .89 .80 .68 .67 .77 .13 .31 .20 .13
0 2 1 0 1 2 2 1 2 2 2 0 2 1 2 0 0 1 2 1 2
.00 .17 .53 .49 .65 .49 .01 .59 .53 .85 .68 .16 .34 .25 .69 .68 .69 .31 .00 .72 .38
.00 .49 .19 .89 .94 .67 .07 .02 .74 .09 .85 .83 .26 .46 .71 .07 .12 .63 .68 .08 .71
0 0 2 1 2 2 0 2 2 1 1 1 1 0 1 2 0 0 1 2 2
.00 .57 .66 .97 .04 .70 .98 .82 .20 .57 .07 .69 .79 .85 .41 .09 .70 .88 .16 .42 .04
.00 .12 .74 .00 .04 .23 .40 .37 .71 .25 .46 .60 .53 .61 .10 .38 .35 .98 .94 .53 .51
0 1 0 0 0 1 0 0 1 1 2 1 2 0 1 1 1 1 0 0 0
.00 .12 .29 .87 .17 .54 .03 .89 .27 .50 .64 .33 .08 .97 .57 .44 .39 .34 .58 .19 .40
.00 .11 .47 .94 .23 .80 .85 .36 .85 .14 .43 .51 .79 .17 .92 .27 .04 .50 .07 .26 .05
0 2 1 2 0 0 0 0 1 2 0 2 2 0 2 0 0 0 1 0 0
