.00 .50 .79 .09 .91 .00 .84 .20 .89 .40 .85 .97 .11 .54
.00 .61 .28 .83 .77 .10 .12 .15 .05 1.00 .36 .96 .67 .77
0 1 1 2 2 2 2 1 1 2 2 2 2 2
.00 .29 .56 .22 .94 .15 .68 .35 .96 .21 .68 .30 .10 .57
.00 .52 .99 .02 .09 .15 .44 .61 .07 .27 .10 .98 .41 .76
0 0 1 0 2 0 0 2 1 0 2 2 2 1
.00 .82 .32 .79 .12 .11 .99 .16 .06 .81 .59 .29 .21 .32
.00 .42 .12 .03 .72 .35 .71 .98 .20 .69 .59 .89 .39 .03
0 1 0 0 2 1 2 0 2 1 0 0 1 1
.00 .06 .07 .14 .30 .25 .12 .81 .96 .39 .03 .30 .51 .69
.00 .90 .40 .44 .14 .23 .37 .38 .05 .43 .39 .05 .11 .50
0 2 0 0 0 2 0 0 0 2 2 1 1 0
.00 .94 .59 .60 .21 .67 .97 .71 .12 .13 .90 .81 .97 .73
.00 .51 .78 .16 .62 .80 .81 .05 .35 .72 .27 .58 .53 .83
0 1 1 0 2 2 1 1 2 1 0 1 0 0
.00 .20 .63 .47 .54 .71 .06 .78 .32 .20 .96 .11 .97 .94
.00 .56 .19 .90 .47 .11 .39 .93 .59 .67 .18 .36 .27 .85
0 1 0 0 0 1 0 2 2 2 0 1 0 2
.00 .14 .33 .98 .81 .36 .43 .94 .65 .09 .00 .09 .27 .01
.00 .22 .47 .85 .80 .47 .29 .06 .05 .66 .80 .62 .59 .92
0 2 0 1 2 1 2 0 0 1 2 1 2 2
.00 .75 .70 .86 .04 .78 .67 .14 .90 .29 .53 .33 .90 .59
.00 .79 .32 .12 .79 .63 .44 .57 .88 .10 .48 .06 .35 .31
0 1 1 0 2 2 0 0 1 2 1 1 2 0
.00 .53 .78 .99 .81 .50 .15 .07 .07 .38 .10 .90 .84 .70
.00 .22 .02 .80 .87 .49 .96 .98 .14 .75 .30 .80 .50 .53
0 2 0 2 2 2 0 2 0 1 0 0 2 2
.00 .83 .73 .91 .18 .58 .22 .10 .22 .49 .04 .23 .78 .47
.00 .68 .80 .44 .03 .23 .35 .70 .73 .08 .04 .43 .89 .14
0 0 1 2 2 2 0 0 1 0 0 1 2 2
