.00 .92 .89 .58 .79 .62 .28 .33 .29 .15 .68 .35 .75 .16 .56 .58 .65 .09 .69 .91 .37 .58 .65 .38 .65 .42 .22 .33 .86 .43 .64
.00 .82 .14 .71 .20 .29 .19 .55 .41 .07 .13 .52 .44 .21 .19 .25 .39 .64 .47 .45 .76 .39 .34 .76 .50 .65 .50 .60 .32 .83 .52
0 1 2 1 0 1 2 1 2 1 2 0 1 1 2 2 2 1 0 2 1 1 1 2 1 2 1 2 0 1 2
.00 .88 .43 .07 .55 .76 .63 .38 .93 .24 .23 .24 .96 .27 .90 .96 .36 .22 .97 .97 .32 .47 .79 .29 .62 .79 .39 .03 .27 .39 .08
.00 .93 .16 .23 .45 .10 .09 .66 .22 .65 .97 .69 .58 .94 .73 .26 .68 .40 .43 .93 .77 .91 .07 .78 .41 .60 .51 .53 .08 .19 .74
0 2 0 2 1 1 2 2 0 1 0 2 1 2 0 0 0 2 0 1 2 1 2 0 0 0 0 0 0 1 2
.00 .19 .99 .82 .56 .66 .30 .57 .06 .92 .77 .50 .92 .57 .73 .24 .17 .60 .67 .51 .31 .67 .99 .47 .77 .47 .20 .14 .01 .18 .30
.00 .31 .85 .78 .93 .30 .57 .71 .80 .05 .78 .91 .77 .71 .30 .64 .57 .54 .53 .00 .36 .31 .69 .84 .75 .21 .15 .72 .76 .75 .01
0 2 0 0 1 2 0 2 1 2 1 0 1 2 1 0 1 0 2 2 2 2 2 1 1 2 2 1 1 0 2
.00 .88 .01 .22 .20 .74 .85 .71 .62 .40 .45 .65 .59 .28 .47 .52 .93 .84 .79 .21 .35 .34 .92 .80 .30 .81 .39 .03 .75 .59 .82
.00 .79 .54 .58 .08 .01 .67 .31 .48 .49 .67 .12 .44 .88 .30 .30 .78 .86 .94 .52 .93 .69 .34 .44 .96 .49 .76 .04 .42 .36 .53
0 0 1 2 2 2 2 0 0 1 0 1 1 2 1 0 1 1 2 1 1 0 1 2 1 0 2 0 2 1 0
.00 .05 .57 .31 .48 .29 .01 .21 .37 .68 .84 .97 .41 .70 .11 .87 .20 .27 .62 .84 .68 .18 .74 .18 .26 .44 .75 .27 .69 .51 .49
.00 .68 .78 .11 .15 .79 .75 .60 .18 .11 .02 .48 .80 .07 .76 .29 .72 .35 .22 .35 .25 .66 .01 .62 .17 .72 .27 .14 .05 .86 .80
0 2 0 2 2 0 0 0 0 0 2 1 0 1 1 0 1 2 1 2 2 2 0 1 0 2 0 2 1 1 2
.00 .90 .65 .41 .57 .29 .90 .85 .50 .68 .55 .82 .02 .34 .54 .61 .99 .53 .85 .86 .41 .58 .32 .38 .26 .35 .94 .34 .28 .91 .09
.00 .40 .43 .63 .46 .64 .24 .85 .65 .73 .09 .86 .14 .51 .67 .98 .16 .39 .25 .51 .14 .11 .02 .72 .56 .20 .91 .27 .48 .82 .90
0 2 0 2 2 1 1 0 1 1 2 0 0 0 1 2 0 0 2 1 0 2 2 2 1 2 0 2 2 1 2
.00 .92 .39 .14 .17 .98 .98 .55 .14 .76 .29 .38 .64 .15 .72 .57 .77 .23 .70 .58 .50 .37 .42 .50 .82 .43 .03 .22 .68 .91 .19
.00 .88 .22 .53 .39 .81 .66 .87 .76 .10 .02 .18 .70 .23 .59 .99 .76 .23 .56 .77 .90 .33 .62 .77 .93 .43 .05 .48 .78 .80 .97
0 1 1 1 1 2 1 2 1 2 0 1 1 0 2 2 1 2 0 1 2 0 0 0 0 2 2 1 1 0 1
.00 .43 .05 .47 .66 .76 .05 .11 .43 .78 .29 .58 .35 .54 .15 .39 .46 1.00 .68 .95 .96 .27 .60 .25 .89 .99 .55 .77 .97 .51 .36
.00 .66 .67 .19 .88 .57 .01 .11 .02 .16 .38 .59 .27 .76 .23 .34 .60 .01 .08 .45 .42 .76 .62 .31 .60 .08 .97 .62 .53 .57 .11
0 2 2 2 0 2 0 0 1 2 1 2 1 0 1 0 0 2 1 0 1 1 1 0 0 1 0 0 0 0 1
.00 .53 .03 .27 .24 .40 .58 .55 .18 .54 .50 .79 .35 .65 .11 .50 .44 .88 .05 .90 .28 .53 .12 .05 .49 .42 .17 .30 .45 .17 .66
.00 .67 .75 .98 .69 .14 .19 .67 .16 1.00 .72 .71 .78 .44 .32 .72 .54 .89 .70 .30 .11 .08 .77 .65 .82 .23 .83 .14 .56 .45 .63
0 0 0 2 1 1 2 1 1 2 1 2 1 1 1 0 1 0 1 1 0 1 0 2 0 1 0 0 2 0 1
.00 .50 .93 .85 .46 .11 .25 .03 .66 .56 .10 .92 .85 .84 .65 .85 .11 .22 .41 .14 .89 .52 .71 .83 .96 .02 .29 .17 .80 .48 .46
.00 .89 .83 .68 .03 .71 .00 .94 .58 .53 .32 .13 .08 .23 .27 .51 .85 .31 .50 .41 .50 .53 .38 .26 .52 .30 .88 .20 .21 .95 .38
0 0 1 2 1 1 0 0 1 2 1 2 1 2 2 0 2 0 2 0 0 2 2 0 2 0 2 0 2 0 0
