.00 .40 .69 .79 .22 .60 .33 .14 .28
.00 .74 .95 .44 1.00 .48 .53 .53 .34
0 0 0 2 0 2 0 1 1
.00 .39 .62 .48 .40 .12 .46 .08 .79
.00 .08 .33 .69 .93 .33 .70 .70 .85
0 0 1 0 0 2 1 0 2
.00 .55 .21 .08 .18 .20 .76 .78 .12
.00 .40 .41 .87 .66 .50 .21 .62 .35
0 1 0 1 1 0 2 0 2
.00 .78 .27 .98 .88 .96 .60 .64 .95
.00 .65 .19 .39 .67 .22 .85 .51 .23
0 1 2 1 1 0 1 1 2
.00 .28 .82 .12 .83 .06 .80 .75 .19
.00 .04 .63 .29 .94 .61 .00 .66 .61
0 2 0 1 2 0 2 2 1
.00 .36 .37 .17 .69 .64 .78 .45 .93
.00 .13 .63 .28 .98 .79 .45 .23 .43
0 1 2 2 1 0 2 0 0
.00 .95 .13 .20 .24 .57 .34 .51 .15
.00 .04 .63 .92 .33 .90 .18 .30 .43
0 2 2 0 1 0 0 2 2
.00 .94 .96 .56 .83 .27 .21 .57 .00
.00 .27 .94 .17 .97 .17 .64 .73 .96
0 2 1 1 0 2 2 1 0
.00 .36 .73 .36 .97 .57 .33 .03 .87
.00 .39 .41 .50 .02 .23 .58 .15 .47
0 2 1 1 1 1 2 0 2
.00 .47 .82 .62 .56 .97 .75 .55 .62
.00 .76 .44 .24 .14 .51 .76 .13 .44
0 1 2 2 1 0 1 1 2
