.00 .04 .22 .72 .47 .68 .94
.00 .35 .84 .77 .57 .24 .65
0 1 2 2 0 2 0
.00 .86 .47 .85 .61 .86 .38
.00 1.00 .39 .63 .03 .77 .68
0 2 2 0 0 2 2
.00 1.00 .68 .95 .36 .36 .09
.00 .26 .43 .82 .45 .52 .82
0 2 2 2 2 2 2
.00 .38 .37 .02 .54 .71 .99
.00 .07 .14 .94 .52 .57 .69
0 0 0 0 0 1 1
.00 .58 .36 .87 .75 .35 .19
.00 .47 .51 .40 .60 .45 .90
0 0 0 0 1 1 2
.00 .60 .36 .24 .83 .06 .87
.00 .77 .17 .75 .61 .16 .63
0 1 1 1 1 2 0
.00 .29 .01 .11 .97 .67 .28
.00 .29 .50 .67 .74 .59 .03
0 2 1 2 2 1 0
.00 .76 .25 .02 .50 .56 .53
.00 .88 .14 .28 .12 .49 .60
0 0 1 2 2 1 0
.00 .83 .61 .06 .05 .70 .45
.00 .08 .17 .73 .72 .71 .50
0 0 1 0 0 2 1
.00 .91 .38 .02 .73 .62 .58
.00 .65 .91 .56 .53 .51 .08
0 1 2 1 0 1 0
