.00 .65 .08 .19 .10 .29 .91 .65 .30 .33 .70 .26 .91 .58 .92 .39 .09 .24 .62 .79 .34 .33 .61 .77 .04 .43 .46 .78 .83 .40 .06 .67 .40 .84 .29 .06 .64 .56 .32 .74 .47
.00 .70 .14 .07 .63 .62 .04 .69 .67 .35 .95 .28 .34 .35 .67 .39 .37 .02 .13 .85 .14 .55 .92 .30 .82 .56 .00 .86 .96 .03 .17 .91 .03 .05 .86 .06 .95 .53 .76 .67 .17
0 2 0 1 0 2 2 2 0 0 0 1 2 0 0 0 2 2 0 2 1 2 2 0 0 0 0 0 2 0 2 1 0 0 1 2 2 1 2 2 0
.00 .53 .94 .18 .55 .58 .22 .05 .76 .57 .44 .23 .06 .11 .09 .35 .18 .74 .31 .67 .72 .86 .68 .04 .99 .71 .52 .75 .88 .50 .76 .76 .40 .21 .09 .06 .01 .60 .79 .23 .59
.00 .91 .70 .07 .76 .93 .33 .11 .87 .16 .03 .41 .04 .35 .10 .15 .37 .16 .52 .23 .62 .10 .02 .70 .39 .24 .10 .41 .11 .89 .74 .08 .59 .67 .01 .59 .55 .26 .54 .68 .45
0 2 1 2 0 2 2 0 0 0 0 1 0 1 2 2 1 1 0 1 1 1 2 1 2 2 1 2 2 1 2 1 2 1 0 0 1 2 1 2 2
.00 .13 .79 .90 .05 .66 .74 .58 .95 .67 .87 .97 .82 .46 .82 .53 .16 .65 .15 .48 .06 .69 .13 .85 .99 .03 .65 .28 .62 .22 .02 .43 .67 .99 .55 .54 .86 .89 .30 .90 .34
.00 .89 .57 .02 .60 .37 .16 .03 .11 .40 .43 .92 .44 .23 .36 .54 .84 .39 .58 .12 .44 .20 .18 .62 .50 .46 .73 .87 .79 .76 .56 .70 .49 .36 .37 .02 .19 .50 .34 .68 .68
0 0 1 2 2 1 1 0 0 1 0 2 0 0 1 0 0 2 0 2 1 2 2 1 1 1 0 1 1 0 2 1 0 2 2 2 1 2 1 0 2
.00 .49 .51 .29 .40 .11 .89 .86 .70 .26 .36 .13 .09 .01 .52 .48 .17 .08 .47 .25 .60 .56 .69 .84 .75 .98 .86 .77 .57 .11 .89 .72 .72 .92 .66 .30 .93 .60 .54 .75 .48
.00 .35 .87 .47 .12 .62 1.00 .50 .52 .59 .89 .55 .38 .82 .71 .16 .74 .11 .02 .35 .55 .78 .15 .78 .09 .80 .24 .75 .24 .37 .26 .76 .66 .57 .70 .85 .93 .51 .80 .56 .14
0 0 0 2 1 2 0 1 0 1 2 1 2 1 1 1 1 1 0 1 1 1 1 1 1 0 1 2 0 1 0 0 1 1 2 2 0 1 1 1 2
.00 .65 .87 .29 .43 .13 .06 .88 .15 .36 .64 .61 .85 .74 .32 .20 .12 .41 .24 .15 .44 .51 .95 .22 .56 .75 .26 .27 .45 .36 .21 .94 .26 .23 .03 .75 .23 .90 .54 .71 .14
.00 .65 .02 .43 .69 .94 .66 .71 .69 .83 .51 .09 .23 .87 .63 .25 .13 .09 .64 .60 .92 .54 .24 .02 .12 .50 .83 .57 .92 .61 .23 .98 .24 .15 .94 .27 .78 .32 .28 .45 .50
0 0 1 0 0 0 1 2 1 1 2 1 0 2 1 0 0 0 2 1 2 0 0 0 0 1 0 1 2 0 0 0 1 2 1 0 1 0 2 0 2
.00 .13 .55 .12 .36 .48 .91 .48 .13 .84 .24 .15 .98 .80 .51 .82 .42 .70 .55 .83 .20 .83 .03 .48 .61 .96 .68 .72 .62 .15 .74 .86 .35 .25 .47 .41 .44 .96 .23 .20 .38
.00 .79 .30 .20 .70 .96 .67 .28 .87 .73 .99 .85 .37 .06 .62 .29 .98 .63 .77 .24 .03 .35 .04 .58 .50 .75 .86 .60 .18 .74 .52 .66 .65 .28 .09 .17 .65 .47 .15 .34 .81
0 0 1 1 1 1 1 0 1 2 1 1 2 0 0 2 1 0 1 0 2 0 0 0 1 0 0 1 0 1 0 2 2 2 1 0 0 1 1 0 2
.00 .40 .38 .04 .99 .59 .29 .21 .47 .12 .66 .76 .64 .82 .34 .05 .67 .97 .37 .12 .70 .34 .04 .44 .96 .66 .50 .99 .98 .54 .42 .14 .31 .12 .48 .49 .53 .86 .20 .32 .98
.00 .57 .46 .21 .63 .10 .85 .55 .11 .54 .30 .20 .24 .09 .32 .34 .38 .74 .68 .80 .78 .54 .66 .33 .33 1.00 .85 .67 .70 .08 .44 .27 .55 .91 .18 .92 .43 .49 .38 .64 .65
0 0 2 0 0 0 2 0 2 0 0 1 0 2 1 2 2 1 2 1 2 1 1 0 2 0 2 1 2 0 0 2 2 2 2 1 2 2 2 2 1
.00 .57 .62 .40 .83 .60 .92 .30 .28 .94 .86 .02 .98 .87 .86 .07 .32 .94 .28 .78 .67 .96 .57 .15 .09 .17 .97 .27 .21 .16 .71 .91 .35 .16 .65 .29 .66 .59 .31 .79 .46
.00 .52 .62 .97 .34 .48 .15 .74 .73 .28 .35 .85 .94 .84 .55 .63 .92 .49 .59 .31 .27 .79 .26 .78 .83 .37 .74 .90 .12 .93 .17 .30 .61 .34 .21 .72 .48 .06 .88 .45 .94
0 2 1 1 1 2 0 0 0 1 0 2 2 0 0 1 0 2 1 0 1 2 1 2 2 0 0 1 0 1 2 1 2 0 2 1 0 2 2 2 0
.00 .89 .69 .48 .83 .68 .04 .56 .48 .39 .43 .69 .15 .69 .32 .71 .99 .96 .70 .22 .06 .39 .94 .23 .47 .52 .76 .82 .22 .93 .73 .16 .15 .98 .90 .38 .81 .48 .86 .53 .65
.00 .98 .13 .00 .18 .96 .46 .27 .38 .29 .69 .09 .04 .13 .67 .58 .45 .56 .53 .81 .90 .44 .21 .77 .87 .69 .50 .87 .47 .80 .77 .07 .97 .22 .77 .16 .29 .52 .23 .19 .68
0 2 2 2 2 1 0 2 0 2 0 2 2 0 2 1 1 2 2 0 1 2 2 2 1 1 1 0 2 1 2 1 0 2 2 0 2 1 1 1 0
.00 .81 .83 .05 .42 .21 .86 .93 .10 .07 .82 .34 .96 .96 .25 .72 .62 .67 .85 .25 .21 .56 .74 .54 .98 .73 .64 .38 .10 .34 .90 .63 .59 .83 .77 .77 .79 .18 .90 .40 .65
.00 .70 .73 .81 .62 .13 .16 .23 .50 .23 .22 .16 .14 .25 .84 .83 .12 .07 .98 .25 .64 .85 .86 .36 .67 .37 .50 .65 .69 .26 .24 .46 .96 .78 .90 .54 .04 .89 .98 .57 .58
0 0 0 1 2 0 1 2 1 2 1 2 0 0 2 2 0 0 2 0 2 1 0 1 1 0 0 0 0 0 2 1 1 2 2 0 1 0 1 2 1
