.00 .29 .68 .11 .19 .28 .58 .93 .51 .08 .87 .54 .69 .11 .20 .87 .85 .12
.00 .92 .82 .00 .89 .61 .99 .44 .88 .49 .97 .49 .80 .11 .01 .10 .33 .53
0 0 2 1 1 1 1 0 0 0 0 1 0 0 0 2 1 1
.00 .93 .07 .96 .26 .41 .95 .43 .67 .56 .52 .75 .52 .70 .91 .95 .40 .29
.00 .21 .48 .86 .90 .09 .24 .40 .16 .63 .06 .90 .92 .35 .67 .62 .71 .82
0 2 1 0 0 0 0 0 1 2 0 2 2 2 0 2 1 2
.00 .19 .87 .88 .88 .18 .60 .05 .08 .67 .67 .94 .81 .48 .74 .95 .05 .19
.00 .83 .26 .69 .48 .32 .02 .97 .87 .27 .31 .35 .79 .13 .62 .63 .96 .80
0 2 1 1 2 2 1 1 0 2 2 1 0 0 2 0 1 1
.00 .11 .55 .64 .64 .33 .07 .14 .07 .31 .86 .27 .36 .54 .17 .53 1.00 .54
.00 .00 .11 .56 .39 .10 .35 .23 .87 .77 .99 .92 .52 .77 .79 .76 .76 .06
0 0 2 2 2 2 1 0 1 0 2 1 1 0 0 1 1 2
.00 .88 .54 .52 .89 .83 .94 .38 .88 .01 .66 .26 .64 .62 .37 .81 .27 .65
.00 .19 .46 .28 .57 .28 .41 .35 .15 .48 .34 .64 .12 .66 .65 .10 .37 .96
0 2 1 2 1 2 0 2 1 0 0 1 0 2 1 1 2 0
.00 .70 .76 .72 .66 .15 .08 .67 .70 .82 .99 .45 .60 .76 .49 .21 .68 .85
.00 .97 .75 .12 .66 .58 .64 .40 .89 .28 .79 .82 .38 .27 .38 .75 .15 .51
0 0 1 1 0 1 2 0 2 1 2 0 0 1 1 2 0 0
.00 .14 .74 .83 .18 .15 .76 .87 .60 .22 .75 .43 .41 .15 .55 .27 .37 .30
.00 .25 .21 .97 .66 .27 .21 .84 .74 .17 .37 .93 .48 .26 .87 .72 .10 .11
0 1 0 1 0 1 2 1 0 2 0 2 0 0 0 1 1 2
.00 .49 .24 .82 .28 .72 .18 .22 .46 .64 .77 .05 .89 .84 .06 .94 .03 .86
.00 .57 .34 .40 .99 .57 .56 .67 .70 .67 .47 .16 .70 .67 .06 .16 .76 .01
0 1 2 1 1 2 0 0 0 1 2 0 0 2 1 1 2 0
.00 .57 .80 .52 .91 .61 .79 .48 .95 .23 .51 .63 .25 .51 .87 .93 .34 .69
.00 .86 .55 .87 .74 .39 .60 .87 .79 .37 .20 .29 .42 .44 .38 .88 .27 .42
0 0 2 2 1 0 1 1 1 1 1 2 2 0 2 0 1 0
.00 .69 .59 .38 .84 .33 .63 .27 .01 .48 .43 .46 .94 .79 .90 .35 .91 .96
.00 .82 .16 .93 .39 .15 .96 .04 .93 .31 .43 .09 .75 .62 .53 .77 .43 .77
0 1 0 0 2 0 2 2 0 2 2 0 0 2 1 1 0 0
