.00 .81 .51 .96 .37 .88 .17 .39 .43 .33 .08 .82 .15 .18 .77 .82
.00 .98 .49 .84 .69 .12 .31 .01 .78 .35 .68 .31 .18 .27 .27 .17
0 2 1 1 0 1 0 0 2 0 0 1 2 1 1 1
.00 .10 .07 .64 .67 .05 .50 .58 .84 .73 .65 .27 .91 .35 .29 .53
.00 .67 .37 .38 .68 .13 .35 .20 .03 .47 .12 .23 .25 .15 .43 .52
0 2 0 2 1 1 2 0 1 2 0 2 1 2 2 2
.00 .94 .81 .89 .16 .88 .98 .45 .31 .71 .40 .01 .00 .56 .56 .31
.00 .07 .39 .45 .96 .21 .35 .01 .58 .56 .17 .43 .70 .27 .88 .71
0 0 1 1 0 2 0 2 0 1 0 1 1 0 2 2
.00 .13 .01 .39 .80 .84 .45 .84 .67 .28 .22 .98 .51 .29 .19 .43
.00 .78 .82 .29 .58 .76 .34 .73 .66 .49 .61 .83 .50 .60 .36 .23
0 1 2 1 2 0 0 1 0 0 1 0 1 1 2 1
.00 .28 .52 .27 .91 .10 .28 .20 .09 .28 .68 .87 .56 .00 .97 .73
.00 .98 .54 .37 .56 .50 .89 .27 .51 .69 .61 .84 .50 .16 .24 .08
0 0 0 2 0 1 2 1 0 2 2 2 2 0 1 2
.00 .19 .75 .03 .06 .76 .14 .71 .69 .17 .72 .47 .40 .35 .69 .75
.00 .73 .63 .20 .33 .39 .75 .94 .56 .35 .13 .06 .81 .18 .67 .66
0 1 1 2 2 2 0 0 1 0 1 1 1 1 0 0
.00 .38 .54 .77 .61 .36 .09 .80 .29 .49 .12 .08 .80 .40 .92 .17
.00 .61 .06 .31 .47 .44 .91 .64 .41 .94 .29 .82 .28 .81 .03 .67
0 2 1 0 1 2 1 1 1 0 1 1 1 1 1 1
.00 .91 .49 .08 .45 .32 .59 .89 .66 .65 .15 .28 .45 .65 .55 .10
.00 .33 .09 .80 .25 .75 .69 .08 .94 .27 .11 .14 .50 .91 .09 .95
0 1 1 1 2 2 2 1 0 2 1 1 1 1 1 0
.00 .44 .35 .13 .35 .71 .78 .59 .74 .42 .95 .65 .71 .99 .26 .64
.00 .72 .66 .00 .54 .34 .43 .42 .07 .75 .06 .45 .93 .28 .40 .37
0 1 2 0 2 0 1 1 1 1 0 1 1 0 0 1
.00 .57 .81 .40 .54 .98 .68 1.00 .52 .68 .16 .00 .30 .46 .73 .30
.00 .61 .56 .73 .46 .26 .02 .91 .86 .34 .06 .74 .53 .04 .52 .55
0 1 1 2 2 2 0 0 0 2 0 2 2 2 1 0
