.00 .70 .34 .28 .69 .60 .14 .39
.00 .27 .64 .31 .91 .55 .53 .56
0 1 1 2 2 0 1 0
.00 .50 .45 .44 .52 .16 .47 .34
.00 .20 .28 .61 .62 .46 .23 .37
0 0 2 2 0 0 2 0
.00 .19 .11 .34 1.00 .62 .93 .31
.00 .34 .66 .47 .58 .40 .32 .55
0 0 2 1 1 2 2 1
.00 .25 .30 .19 .63 .87 .63 .87
.00 .15 .57 .27 .14 .18 .24 .32
0 0 1 1 2 1 0 0
.00 .09 .59 .88 .16 .18 .48 .06
.00 .63 .18 .06 .79 .66 .70 .08
0 1 0 2 2 2 2 0
.00 .56 .06 .04 .96 .93 .32 .70
.00 .07 .60 .83 .50 .16 .39 .27
0 0 0 0 0 0 2 0
.00 .31 .74 .42 .74 .31 .75 .31
.00 .12 .84 .21 .11 .48 .66 .82
0 0 2 1 2 1 2 2
.00 .69 .92 .29 .41 .48 .80 .72
.00 .17 .88 .52 .05 .71 .69 .85
0 0 0 0 0 2 2 0
.00 .41 .90 .73 .94 .96 .56 .07
.00 .23 .77 .01 .40 .91 .56 .91
0 2 1 2 1 2 2 1
.00 .10 .15 .93 .35 .06 .22 .68
.00 .52 .90 .59 .96 .44 .09 .92
0 0 1 0 2 1 0 2
