.00 .01 .31 .27 .16 .02 .09 .61 .74 .02 .50 .65 .39 .98 .21 .27 .02 .88 .56 .77 .49 .15 .19 .11 .85 .66 .82 .43 .01 .95 .13 .42 .95 .21 .85 .99 .41 .32 .62 .82 .27 .96 .62 .24 .67 .88 .52 .37 .30 .16 .85 .84 .56 .88 .65 .15 .77 .13 .23 .47 .79
.00 .48 .72 .05 .49 .40 .35 .48 .57 .73 .80 .56 .82 .67 .06 .64 .18 .33 .11 .82 .30 .98 .68 .44 .46 .15 .41 .17 .80 .36 .14 .84 .15 .74 .83 .75 .24 .92 .13 .45 .00 .74 .91 .47 .65 .12 .33 .01 .87 .17 .04 .43 .27 .49 .97 .88 .39 .34 .04 .49 .09
0 1 0 1 0 0 2 2 0 2 0 2 2 0 0 1 0 0 1 1 2 1 2 2 2 1 0 2 2 1 2 2 1 0 2 2 0 1 2 2 0 0 1 2 0 0 1 1 0 1 0 1 0 2 0 0 0 2 1 0 1
.00 .54 .69 .57 .28 .84 .90 .07 .18 .37 .62 .62 .83 .99 .62 .84 .75 .97 .30 .83 .63 .50 .89 .03 .74 .18 .24 .46 .43 .81 .20 .24 .52 .20 .68 .62 .55 .69 .49 .18 .48 .63 .66 .56 .76 .42 .80 .20 .73 .28 .37 .06 .77 .56 .02 .26 .52 .07 .61 .14 .82
.00 .49 .43 .07 .36 .12 .00 .56 .32 .89 .48 .42 .56 .56 .09 .47 .63 .90 .31 .26 .12 .76 .94 .05 .93 .13 .69 .60 .87 .57 .99 .93 .19 .86 .13 .53 .05 .93 .89 .54 .56 .93 .30 .07 .33 .43 .76 .84 .38 .26 .11 .00 .65 .13 .06 .82 .68 .57 .14 .98 .43
0 1 1 2 2 2 2 0 2 0 2 2 0 2 1 0 0 2 0 0 1 1 2 1 2 2 2 1 1 1 2 1 0 0 2 1 2 2 1 0 0 0 1 2 1 1 0 1 2 2 2 2 0 1 0 1 0 2 2 0 0
.00 .91 .84 .16 .51 .69 .75 .08 .69 .68 .37 .16 .59 .14 .26 .94 .52 .75 .31 .95 .13 .91 .90 .37 .67 .49 .06 .34 .83 .14 .54 .97 .70 .91 .17 .50 .59 .47 .21 .35 .54 .84 .55 .31 .01 .63 .57 .92 .41 .02 .75 .18 .82 .73 .02 .41 .78 .86 .48 .81 .89
.00 .04 .94 .69 .59 .36 .54 .30 .56 .70 .35 .81 .74 .17 .79 .53 .29 .61 .89 .10 .00 .34 .97 .56 .60 .13 .92 .07 .62 .48 .95 .50 .09 .78 .55 .60 .73 .85 .59 .46 .12 .86 .91 .99 .10 .82 .47 .97 .42 .56 .48 .68 .57 .32 .26 .07 .22 .20 .55 .05 .85
0 0 2 1 2 0 2 0 1 2 1 1 0 2 2 0 1 2 2 0 0 2 0 1 0 0 2 2 0 0 1 2 2 1 1 2 0 1 1 2 2 1 0 2 1 0 2 1 1 2 2 1 2 2 2 2 2 0 2 0 1
.00 .22 .50 .69 .20 .82 .42 .11 .75 .23 .36 .15 .13 .92 .43 .99 .17 .47 .25 .52 .58 .15 .66 .11 .66 .39 .22 .05 .46 .89 .48 .59 .65 .26 .59 .94 .51 .49 .56 .26 .97 .70 .88 .73 .96 .11 .03 .14 .56 .83 .29 .79 .94 .40 .23 .45 .52 .08 .87 .07 .04
.00 .99 .62 .84 .20 .38 .33 .83 .79 .72 .99 .69 .07 .72 .54 .51 .66 .65 .23 .32 .50 .64 .04 .19 1.00 .46 .25 .92 .25 .80 .08 .61 .28 .46 .77 .35 .47 .80 .33 .08 .25 .90 .99 .64 .74 .04 .48 .82 .20 .50 .16 .62 .79 .27 .24 .08 .44 .07 .65 .96 .75
0 1 0 1 1 2 0 2 0 0 2 2 0 0 0 2 0 0 0 2 0 0 1 2 2 2 1 0 2 2 2 2 0 0 2 1 0 2 2 1 2 2 0 2 0 0 2 2 0 0 1 0 0 2 1 1 1 1 0 1 1
.00 .51 .37 .62 .07 .02 .74 .47 .43 .58 .08 .34 .13 .95 .12 .86 .69 .40 .86 .94 .37 .28 .97 .51 .25 .72 .36 .21 .31 .84 .29 .66 .02 .59 .27 .89 .50 .36 .01 .15 .07 .62 .99 .06 .80 .71 .30 .49 .84 .71 .00 .64 .94 .73 .33 .17 .02 .57 .09 .10 .76
.00 .32 .77 .93 .62 .14 .87 .56 .76 .36 .63 .76 .60 .94 .30 .62 .24 .75 .18 .75 .96 .75 .26 .95 .11 .84 .94 .61 .25 .21 .68 .46 .87 .09 .74 .24 .94 .03 .91 .06 .83 .94 .15 .20 .67 .74 .80 .72 .47 .69 .13 .35 .15 .20 .95 .68 .93 .52 .65 .34 .82
0 1 0 1 1 1 1 0 2 0 1 1 1 1 1 2 0 1 2 1 0 1 2 2 2 0 2 2 2 1 0 0 0 1 0 1 2 1 2 0 1 2 2 2 0 1 0 1 0 1 0 1 0 2 2 1 0 0 1 0 0
.00 .71 .87 .35 .18 .63 .01 .25 .43 .06 .73 .88 .10 .54 .83 .18 .36 .27 .90 .34 .28 .65 .20 .97 .95 .47 .16 .65 .65 .52 .68 .12 .29 .83 .16 .81 .86 .08 .63 .43 .02 .58 .52 .57 .67 .50 .63 .61 .51 .07 .15 .73 .14 .29 .75 .20 .94 .50 .18 .96 .46
.00 .53 .44 .94 .49 .81 .30 .63 .11 .78 .31 .57 .11 .71 .93 .47 .99 .19 .49 .53 .89 .05 .98 .06 .24 .81 .05 .96 .93 .23 .62 .47 .49 .26 .37 .94 .36 .61 .31 .42 .85 .41 .73 .07 .42 .85 .19 .14 .49 .83 .18 1.00 .25 .76 .98 .45 .75 .35 .97 .61 .80
0 1 1 2 2 1 0 2 2 2 1 2 2 2 2 0 1 1 2 0 2 1 1 2 2 1 2 2 1 1 0 1 2 1 2 2 1 2 0 2 0 1 2 2 0 0 0 0 2 1 0 1 2 1 1 2 1 2 0 1 1
.00 .43 .87 .09 .81 .57 .37 .07 .75 .98 .43 .84 .92 .19 .45 .48 .10 .75 .23 .65 .11 .02 .82 .86 .07 .56 .73 .44 .36 .73 .14 .43 .51 .98 .35 .90 .95 .65 .08 .04 .76 .57 .06 .77 .55 .23 .06 .67 .57 1.00 .16 .94 .74 .12 .34 .62 .48 .84 .17 .32 .52
.00 .08 .25 .50 .48 .03 .34 .44 .91 .18 .63 .22 .43 .41 .80 .13 .91 .68 .29 .99 .99 .57 .63 .21 .49 .75 .01 .53 .62 .91 .41 .32 .39 .73 .29 .76 .36 .12 .83 .82 .64 .29 .45 .64 .42 .96 .64 .75 .65 .48 .83 .26 .73 .80 .99 .39 .97 .68 .80 .44 .65
0 1 2 1 1 1 1 0 1 0 2 0 0 1 1 2 1 1 1 1 0 0 1 2 2 2 0 1 2 2 1 1 1 1 2 2 1 1 2 2 0 1 1 2 2 2 1 1 0 2 2 1 2 2 1 1 2 2 2 1 2
.00 .56 .57 .73 .47 .05 .71 .35 .61 .86 .93 .92 .10 .91 .27 .87 .66 .10 .09 .94 .24 .89 .25 .06 .13 .95 .45 .14 .87 .20 .09 .79 .27 .80 .34 .57 .18 .18 .09 .89 .76 .63 .32 .69 .72 .92 .15 .16 .08 .54 .35 .07 .16 .03 .43 .99 .35 .40 .87 .95 .25
.00 .20 .75 .93 .99 .77 .24 .61 .29 .07 .57 .19 .59 .47 .22 .51 .62 .25 .75 .06 .17 .05 .32 .01 .60 .33 .33 .86 .37 .90 .70 .13 .76 .59 .26 .93 .94 .19 .90 .80 .43 .70 .69 .91 .93 .48 .20 .21 .59 .63 .53 .44 .18 .99 .97 .08 .64 .74 .54 .39 .04
0 0 0 0 2 2 0 0 2 0 0 2 2 1 2 1 0 1 2 2 0 1 1 2 1 1 1 1 2 0 2 2 2 0 2 2 0 1 0 1 2 0 1 1 0 0 2 0 0 0 2 2 0 0 0 2 1 2 1 2 1
.00 .81 .49 .99 .84 .79 .53 .46 .41 .54 .36 .11 .62 .85 .45 .41 .28 .49 .87 .82 .06 .00 .93 .29 .12 .83 .58 .55 .03 .64 .36 .54 .62 .15 .81 .12 .66 .88 .42 .81 .01 .20 .95 .39 .93 .17 .92 .75 .56 .87 .10 .49 .64 .08 .13 .22 .94 .09 .58 .91 .43
.00 .46 .35 .45 .67 .07 .36 .80 .80 .31 .77 .19 .59 .30 .90 .57 .53 .62 .40 .63 .93 .71 .77 .47 .06 .55 .09 .23 .51 .83 .29 .22 .23 .68 .40 .98 .91 .78 .37 .69 .37 .59 .42 .76 .37 .05 .03 .06 .19 .33 .69 .93 .51 .56 .31 .36 .87 .96 .95 .24 .79
0 2 0 2 2 1 1 0 0 0 1 2 0 1 1 0 1 2 0 1 2 1 0 0 1 2 1 0 1 0 1 0 2 0 0 0 2 1 2 0 2 2 2 0 0 0 1 0 2 2 2 0 0 1 2 1 2 0 1 0 0
.00 .06 .05 .43 .73 .45 .25 .98 .13 .09 .31 .07 .72 .93 .13 .39 .13 .93 .80 .01 .85 .35 .63 .46 .82 .70 .16 .81 .14 .26 .42 .43 .19 .74 .91 .44 .71 .50 .17 .27 .51 .29 .23 .09 .40 .56 .10 .63 .18 .35 .34 .22 .65 .56 .77 .09 .69 .17 .67 .35 .51
.00 .89 .71 .24 .16 .55 .24 .43 .02 1.00 .67 .13 .51 .71 .92 .19 .78 .22 .25 .12 .18 .96 .16 .33 .77 .37 .66 .35 .96 .46 .18 .47 .89 .57 .76 .23 .88 .98 .29 .37 .29 .13 .93 .04 .91 .88 .34 .70 .47 .95 .65 .83 .45 .18 .86 .43 .43 .47 .08 .09 .64
0 0 2 1 1 1 2 2 1 1 0 0 2 1 1 1 1 0 2 0 1 2 2 0 0 2 1 1 1 2 2 2 2 1 0 2 1 2 2 0 1 2 2 0 0 0 2 0 1 2 0 1 1 0 2 0 1 1 2 2 0
