.00 .75 .54 .95 .74 .33 .24 .92 .03 .29 .83 .55 .01
.00 .74 .19 .45 .12 .97 .97 .44 .82 .24 .25 .26 .69
0 0 0 2 2 0 1 2 2 0 2 2 2
.00 .99 .43 .27 .16 .67 .03 .09 .19 .52 .52 .60 .41
.00 1.00 .25 .37 .38 .51 .58 .07 .03 .31 .77 .88 .57
0 1 0 2 1 2 1 0 1 0 2 2 2
.00 .42 .42 .30 .47 .65 .14 .05 .60 .78 .77 .09 .66
.00 .59 .99 .73 .19 .78 .31 .79 .38 .62 .47 .83 .20
0 1 0 1 1 0 2 1 2 1 1 0 1
.00 .89 .13 .89 .71 .41 .59 .53 .88 .13 .37 .35 .17
.00 .36 .44 .09 .28 .93 .45 .14 .91 .37 .87 .10 .36
0 1 1 1 1 1 2 2 2 0 2 1 0
.00 .23 .53 .73 .01 .48 .96 .75 .24 .97 .57 .24 .07
.00 .34 .60 .49 .11 .69 .54 .68 .52 .22 .79 .03 .90
0 0 1 1 0 2 2 2 0 2 1 0 2
.00 .60 .73 .61 .74 .10 .73 .85 .85 .64 .33 .42 .74
.00 .16 .92 .24 .17 .16 .34 .99 .67 .86 .34 .30 .79
0 1 0 1 2 1 1 2 1 2 0 2 2
.00 .22 .82 .56 .83 .13 .46 .53 .60 .83 .31 .89 .73
.00 .78 .15 .49 .54 .55 .54 .73 .98 .53 .65 .25 .47
0 0 2 0 0 1 0 1 1 2 0 2 0
.00 .92 .93 .90 .14 .15 .52 .02 .60 .85 .14 .64 .04
.00 .10 .92 .59 .24 .52 .87 .79 .11 .04 .68 .49 .20
0 0 2 1 2 2 0 1 1 1 0 2 1
.00 .63 .33 .03 .51 .70 .77 .51 .99 .85 .47 .62 .28
.00 .74 .14 .16 .47 .18 .48 .95 .76 .67 .33 .80 .50
0 2 2 0 1 0 2 0 2 1 2 2 2
.00 .73 .50 .23 .58 .26 .68 .55 .01 .26 .87 .68 1.00
.00 .88 .88 .38 .95 .51 .05 .34 .33 .89 .31 .76 .03
0 2 0 2 1 0 1 2 1 2 1 2 2
