.00 .30 .68 .94 .52 .63 .95 .81 .59 .06 .26 .25 .24 .87 .56 .47 .21 .03 .04
.00 .47 .32 .15 .18 .44 .83 .86 .13 .36 .61 .64 .94 .69 .41 .51 .15 .07 .93
0 1 1 1 0 2 0 1 0 0 2 0 2 2 2 1 0 2 0
.00 .47 .09 .23 .48 .78 .30 .87 .70 .01 .48 .48 .59 .16 .14 .28 .41 .62 .22
.00 .48 .66 .60 .51 .09 .62 .25 .09 .87 .44 .46 .40 .69 .70 .27 .13 .08 .20
0 2 2 2 2 1 0 2 0 1 1 1 1 0 1 0 0 2 0
.00 .88 .91 .32 .52 .68 .45 .11 .60 .81 .19 .43 .20 .87 1.00 .72 .67 .01 .52
.00 .96 .60 .75 .81 .78 .14 .09 .73 .10 .20 .52 .57 .98 .28 .35 .39 .09 .87
0 0 0 1 0 0 0 1 1 1 2 0 1 2 1 0 0 1 1
.00 .91 .78 .24 .46 .35 .26 .75 .04 .06 .41 .07 .77 .09 .86 .79 .04 .92 .25
.00 .73 .77 .38 .20 .83 .27 .15 .78 .97 .87 .62 .50 .30 .78 .80 .92 .97 .14
0 2 1 0 2 0 0 1 2 0 0 2 2 1 0 0 2 1 1
.00 .18 .87 .41 .17 .89 .43 .19 .82 .24 .24 .73 .40 .07 .44 .85 .81 .33 .21
.00 .25 .78 .89 .82 .11 .48 .65 .52 .20 .11 .01 .68 .13 .31 .36 .89 .54 .55
0 0 0 1 2 1 2 1 0 2 1 0 1 0 0 0 2 1 1
.00 .58 .96 .32 .03 .72 .94 .13 .88 .87 .44 .18 .51 .42 .92 .87 .17 .84 .84
.00 .58 .34 .08 .90 .15 .16 .87 .76 .38 .75 .46 .88 .64 .89 .60 .16 .44 .71
0 0 2 0 2 2 1 0 2 1 2 1 1 1 2 1 2 0 2
.00 .46 .27 .71 .75 .07 .56 .01 .04 .17 .38 .79 .29 .10 .15 .12 .63 .79 .42
.00 .61 .88 .99 .17 .13 .65 .67 .26 .35 .64 .61 .06 .15 .34 .71 .97 .29 .88
0 1 2 0 0 0 2 0 2 2 1 0 1 2 2 0 2 2 0
.00 .57 .53 .14 .46 .52 .44 .88 .52 .76 .59 .72 .15 .36 .69 .53 .59 .25 .73
.00 .15 .37 .82 .97 .64 .01 .68 .49 .95 .55 .72 .16 .30 .03 .36 .37 .31 .09
0 0 1 0 0 1 1 1 0 2 1 1 1 0 0 0 2 0 1
.00 .81 .63 .47 .65 .68 .24 .21 .04 .48 .50 .74 .26 .09 .92 .56 .36 .31 .89
.00 .64 .74 .74 .25 .94 .94 .60 .78 .99 .48 .90 .88 .02 .64 .25 .98 .82 .74
0 2 2 0 0 0 0 1 0 2 0 2 0 1 1 0 0 0 1
.00 .35 .14 .50 .51 .26 .78 .10 .57 .95 .30 .67 .45 .74 .60 .83 .27 .32 .68
.00 .53 .15 .24 .71 .09 .34 .46 .36 .38 .28 .57 .56 .21 .03 .84 .07 .77 .45
0 2 1 2 0 2 1 1 2 2 0 1 1 2 0 2 0 2 1
